Algoritmo; Capacidade Máxima; Nome do Arquivo
First_Fit;100;vetPrograma

Caixas:
60;15;5;10;10
30;30;15;15;10
45;50;5
20;25;30;20;5
40;20;25;10;5
30;40;10;20
20;30;30;10;10
45;30;25
25;15;10;20;10;15;5
30;30;25;10;5
10;10;25;25;20;10
30;12;38;20
20;15;25;15;15;10
20;10;15;10;20;10;15
30;30;25;10;5
10;10;40;30;10
15;20;25;25;15
10;10;20;20;30;10
10;15;15;15;15;20;10
25;10;20;10;10;15;10
43;32;25
10;45;45
20;20;60
15;40;45
50;10;40
30;35;35
12;28;60
40;30;30
25;50;25
38;22;40
48;25;27
55;15;30
33;33;34
22;40;38
10;30;60
20;50;30
45;45;10
30;20;50
35;35;30
27;40;33
100
40;60
25;30;45
10;20;30;40
15;25;30;10;20
20;15;25;30;10
5;15;20;10;25;25
30;20;10;15;5;20
10;15;10;25;20;10;10
30;20;25;10;5;5;5
25;25;20;30
12;38;10;20;20
15;25;15;15;10;20
5;10;15;10;20;10;30
30;25;15;10;10;10
40;30;15;10;5
20;25;25;15;10;5
10;20;20;30;10;10
15;15;15;15;20;5;10;5
25;10;20;10;10;15;10
